20
75.0
-1
140.0
118.0
-1
-1
-1
-1
-1
-1
-1
-1
-1
-1
-1
-1
-1
-1
-1
71.0
-1
-1
-1
-1
-1
-1
-1
-1
-1
-1
-1
-1
-1
-1
-1
-1
-1
151.0
-1
-1
-1
-1
-1
-1
-1
-1
-1
-1
-1
-1
-1
-1
-1
-1
-1
80.0
-1
-1
-1
-1
-1
99.0
-1
-1
-1
-1
-1
-1
-1
-1
-1
111.0
-1
-1
-1
-1
-1
-1
-1
-1
-1
-1
-1
-1
-1
-1
-1
-1
146.0
97.0
-1
-1
-1
-1
-1
-1
-1
-1
-1
70.0
-1
-1
-1
-1
-1
-1
-1
-1
-1
-1
-1
-1
75.0
-1
-1
-1
-1
-1
-1
-1
-1
-1
-1
-1
120.0
-1
-1
-1
-1
-1
-1
-1
-1
-1
-1
138.0
-1
-1
-1
-1
-1
-1
-1
-1
-1
-1
101.0
-1
-1
-1
-1
-1
-1
-1
211.0
-1
-1
-1
-1
-1
-1
-1
90.0
85.0
-1
-1
-1
-1
-1
-1
-1
-1
-1
-1
-1
98.0
-1
142.0
-1
-1
86.0
-1
-1
-1
-1
-1
-1
92.0
-1
87.0